0 0 0 0 0 0
0 0 0 0 0 0
0 1 0 0 0 1
0 0 0 1 0 0
0 0 1 0 0 0
1 0 0 0 1 0

 6  2  1  5  3 10

 0  0 12  5  1  9
 0  0  9  5 12  1
 0  0  1  5  9 12
 0  0 12  5  1  9
 0  0  9  5 12  1
 0  0  1  5  9 12
 0  0 12  5  1  9
 0  0  9  5 12  1
 0  0  1  5  9 12

M^1 (multiplication) = 
0 0 0 0 0 0
0 0 0 0 0 0
0 1 0 0 0 1
0 0 0 1 0 0
0 0 1 0 0 0
1 0 0 0 1 0

M^1 (path finding) = 
0 0 0 0 0 0
0 0 0 0 0 0
0 1 0 0 0 1
0 0 0 1 0 0
0 0 1 0 0 0
1 0 0 0 1 0

M^2 (multiplication) = 
0 0 0 0 0 0
0 0 0 0 0 0
1 0 0 0 1 0
0 0 0 1 0 0
0 1 0 0 0 1
0 0 1 0 0 0

M^2 (path finding) = 
0 0 0 0 0 0
0 0 0 0 0 0
1 0 0 0 1 0
0 0 0 1 0 0
0 1 0 0 0 1
0 0 1 0 0 0

M^3 (multiplication) = 
0 0 0 0 0 0
0 0 0 0 0 0
0 0 1 0 0 0
0 0 0 1 0 0
1 0 0 0 1 0
0 1 0 0 0 1

M^3 (path finding) = 
0 0 0 0 0 0
0 0 0 0 0 0
0 0 1 0 0 0
0 0 0 1 0 0
1 0 0 0 1 0
0 1 0 0 0 1

M^4 (multiplication) = 
0 0 0 0 0 0
0 0 0 0 0 0
0 1 0 0 0 1
0 0 0 1 0 0
0 0 1 0 0 0
1 0 0 0 1 0

M^4 (path finding) = 
0 0 0 0 0 0
0 0 0 0 0 0
0 1 0 0 0 1
0 0 0 1 0 0
0 0 1 0 0 0
1 0 0 0 1 0

M^5 (multiplication) = 
0 0 0 0 0 0
0 0 0 0 0 0
1 0 0 0 1 0
0 0 0 1 0 0
0 1 0 0 0 1
0 0 1 0 0 0

M^5 (path finding) = 
0 0 0 0 0 0
0 0 0 0 0 0
1 0 0 0 1 0
0 0 0 1 0 0
0 1 0 0 0 1
0 0 1 0 0 0

M^6 (multiplication) = 
0 0 0 0 0 0
0 0 0 0 0 0
0 0 1 0 0 0
0 0 0 1 0 0
1 0 0 0 1 0
0 1 0 0 0 1

M^6 (path finding) = 
0 0 0 0 0 0
0 0 0 0 0 0
0 0 1 0 0 0
0 0 0 1 0 0
1 0 0 0 1 0
0 1 0 0 0 1

M^7 (multiplication) = 
0 0 0 0 0 0
0 0 0 0 0 0
0 1 0 0 0 1
0 0 0 1 0 0
0 0 1 0 0 0
1 0 0 0 1 0

M^7 (path finding) = 
0 0 0 0 0 0
0 0 0 0 0 0
0 1 0 0 0 1
0 0 0 1 0 0
0 0 1 0 0 0
1 0 0 0 1 0

M^8 (multiplication) = 
0 0 0 0 0 0
0 0 0 0 0 0
1 0 0 0 1 0
0 0 0 1 0 0
0 1 0 0 0 1
0 0 1 0 0 0

M^8 (path finding) = 
0 0 0 0 0 0
0 0 0 0 0 0
1 0 0 0 1 0
0 0 0 1 0 0
0 1 0 0 0 1
0 0 1 0 0 0

M^9 (multiplication) = 
0 0 0 0 0 0
0 0 0 0 0 0
0 0 1 0 0 0
0 0 0 1 0 0
1 0 0 0 1 0
0 1 0 0 0 1

M^9 (path finding) = 
0 0 0 0 0 0
0 0 0 0 0 0
0 0 1 0 0 0
0 0 0 1 0 0
1 0 0 0 1 0
0 1 0 0 0 1

