       0 0.166667 0.833333
0.333333      0.5 0.166667
0.666667 0.333333        0

0.166667 0.166667 0.666667

0.583333     0.25 0.166667
0.180556 0.347222 0.472222
0.451389   0.3125 0.236111
0.248843 0.346065 0.405093
0.395255 0.323495  0.28125
0.288291 0.340374 0.371335

M^1 = 
       0 0.166667 0.833333
0.333333      0.5 0.166667
0.666667 0.333333        0

M^2 = 
 0.611111  0.361111 0.0277778
 0.277778  0.361111  0.361111
 0.111111  0.277778  0.611111

M^3 = 
0.138889 0.291667 0.569444
0.361111 0.347222 0.291667
     0.5 0.361111 0.138889

M^4 = 
0.476852 0.358796 0.164352
0.310185 0.331019 0.358796
0.212963 0.310185 0.476852

M^5 = 
0.229167 0.313657 0.457176
0.349537 0.336806 0.313657
0.421296 0.349537 0.229167

M^6 = 
0.409337 0.347415 0.243248
0.321373 0.331211 0.347415
 0.26929 0.321373 0.409336

